
    22 96000 48000   130 182.10 0.67    12   126 1388.42 10.68     4 0082_04_hani.wav 29.347
    24 96000 48000   130 199.87 0.49    12     0 1491.73 11.47     1 0079_01_hani.wav 0.488
    20 84000 48000   130 317.49 0.65    10     0 2295.58 17.66     4 0023_04_hani.wav 0.055
    24 72000 48000   130 270.68 0.59    14     0 2157.24 16.59     5 0148_05_hani.wav 0.036
    18 72000 48000   130 332.85 0.90     9    98 2778.47 21.37     4 0095_04_hani.wav 0.039
    23 60000 48000   130 225.46 1.05    11   109 2308.11 17.75     1 0172_01_hani.wav 0.040
    30 72000 48000   130 349.33 0.70    41     0 3943.74 30.34     1 0098_01_hani.wav 0.040
    27 72000 48000   130 323.99 0.97    16     0 3839.62 29.54     5 0108_05_hani.wav 0.038
    22 96000 48000   130 325.51 0.65    15     0 2993.49 23.03     3 0106_03_hani.wav 0.044
    29 72000 48000   130 374.77 0.58    14     0 3061.25 23.55     0 0153_00_hani.wav 0.039
    19 60000 48000   130 446.48 1.39    10     0 2893.67 22.26     4 0175_04_hani.wav 0.037
    21 84000 48000   130 258.54 0.73    11     0 2452.50 18.87     1 0020_01_hani.wav 0.040
    19 72000 48000   130 207.94 1.09     9     0 1733.94 13.34     1 0137_01_hani.wav 0.039
    21 84000 48000   130 328.05 1.17    13     0 3105.66 23.89     0 0097_00_hani.wav 0.042
    20 84000 48000   130 430.37 0.53    18     0 3475.80 26.74     5 0120_05_hani.wav 0.041
    26 60000 48000   130 386.58 0.87    12     0 3784.23 29.11     0 0149_00_hani.wav 0.036
    25 72000 48000   130 260.67 0.70    14     0 2197.04 16.90     4 0151_04_hani.wav 0.039
    22 84000 48000   130 395.33 0.80    13     0 2591.88 19.94     2 0069_02_hani.wav 0.043
    33 84000 48000   130 327.31 0.52    18     0 3578.45 27.53     5 0042_05_hani.wav 0.041
    21 84000 48000   130 398.90 1.13    13     0 3018.06 23.22     2 0057_02_hani.wav 0.041
    26 96000 48000   130 258.55 0.57    20     0 2766.19 21.28     3 0118_03_hani.wav 0.046
    21 84000 48000   130 251.89 0.53    10     0 2004.76 15.42     5 0030_05_hani.wav 0.087
    30 72000 48000   130 400.87 0.57    15     0 3729.49 28.69     4 0047_04_hani.wav 0.326
    40 96000 48000   130 327.55 0.74    20     0 3767.50 28.98     2 0123_02_hani.wav 0.099
    25 84000 48000   130 452.07 0.69    18     0 3364.50 25.88     3 0130_03_hani.wav 0.220
    17 72000 48000   130 288.07 0.84     9     0 2117.96 16.29     0 0025_00_hani.wav 0.039
    28 72000 48000   130 299.60 0.63    14     0 2782.88 21.41     4 0157_04_hani.wav 0.043
    28 72000 48000   130 366.62 0.92    15     0 3653.70 28.11     4 0041_04_hani.wav 0.041
    26 72000 48000   130 395.94 0.90    12     0 3895.05 29.96     2 0099_02_hani.wav 0.038
    36 84000 48000   130 266.59 0.66    18     0 4424.15 34.03     1 0110_01_hani.wav 0.042
    26 96000 48000   130 253.68 0.60    14     0 2057.19 15.82     4 0011_04_hani.wav 0.045
    23 96000 48000   130 157.92 0.51    12   125 1243.36 9.56      5 0083_05_hani.wav 0.039
    18 72000 48000   130 287.48 0.78     9     0 2018.39 15.53     2 0138_02_hani.wav 0.042
    23 96000 48000   130 282.39 0.53    14     0 2103.86 16.18     2 0015_02_hani.wav 0.041
    19 60000 48000   130 412.60 1.39    10     0 2461.82 18.94     4 0163_04_hani.wav 0.038
    32 72000 48000   130 410.89 0.71    15     0 4414.62 33.96     0 0043_00_hani.wav 0.038
    22 96000 48000   130 212.34 0.65    12   129 1364.81 10.50     3 0088_03_hani.wav 0.041
    34 84000 48000   130 318.47 0.60    18     0 3469.48 26.69     4 0125_04_hani.wav 0.042
    21 96000 48000   130 253.63 0.56    12     0 1789.80 13.77     0 0019_00_hani.wav 0.041
    21 72000 48000   130 359.24 0.70    11     0 2180.91 16.78     4 0071_04_hani.wav 0.040
    19 84000 48000   130 286.13 0.78    10     0 1696.92 13.05     3 0034_03_hani.wav 0.042
    21 72000 48000   130 338.21 0.71    12     0 2372.20 18.25     3 0174_03_hani.wav 0.038
    15 60000 48000   130 483.68 1.11    10     0 2846.40 21.90     2 0173_02_hani.wav 0.036
    19 72000 48000   130 266.08 0.89     9     0 1950.62 15.00     0 0136_00_hani.wav 0.037
    37 84000 48000   130 573.53 0.79    19     0 5836.10 44.89     2 0093_02_hani.wav 0.042
    16 84000 48000   130 434.98 0.90    13     0 2546.81 19.59     3 0070_03_hani.wav 0.042
    24 72000 48000   130 375.63 0.93    12     0 2648.37 20.37     4 0169_04_hani.wav 0.039
    37 84000 48000   130 387.26 0.68    13     0 3707.43 28.52     0 0103_00_hani.wav 0.042
    23 84000 48000   130 356.20 0.60    13     0 2603.50 20.03     5 0006_05_hani.wav 0.042
    14 60000 48000   130 353.91 1.43    10     0 2256.24 17.36     5 0164_05_hani.wav 0.036
    19 72000 48000   130 277.01 0.88     9     0 2162.12 16.63     4 0029_04_hani.wav 0.037
    23 96000 48000   130 173.14 0.62    12     0 1360.25 10.46     4 0076_04_hani.wav 0.043
    20 84000 48000   130 241.65 0.66    11     0 1881.37 14.47     3 0022_03_hani.wav 0.042
    33 84000 48000   130 325.17 0.51    19     0 3795.29 29.19     0 0037_00_hani.wav 0.041
    36 84000 48000   130 323.04 0.77    18     0 4278.57 32.91     2 0039_02_hani.wav 0.043
    20 84000 48000   130 436.23 1.58    13     0 3012.78 23.18     2 0063_02_hani.wav 0.047
    14 84000 48000   130 405.87 0.83    13     0 2483.50 19.10     3 0010_03_hani.wav 0.041
    15 84000 48000   130 388.68 1.02    13     0 2440.29 18.77     3 0064_03_hani.wav 0.042
    13 60000 48000   130 459.88 1.21    10     0 2504.86 19.27     3 0162_03_hani.wav 0.037
    23 84000 48000   130 277.77 0.65    12     0 2546.00 19.58     4 0113_04_hani.wav 0.040
    23 72000 48000   130 310.01 0.73    12     0 2188.79 16.84     2 0161_02_hani.wav 0.056
    20 72000 48000   130 277.03 1.01     9     0 2350.70 18.08     1 0032_01_hani.wav 0.040
    29 84000 48000   130 266.79 0.69    15     0 3116.72 23.97     2 0111_02_hani.wav 0.043
    18 72000 48000   130 183.94 1.08     9    94 1397.71 10.75     4 0140_04_hani.wav 0.037
    19 72000 48000   130 373.42 0.93    11     0 2561.12 19.70     5 0066_05_hani.wav 0.037
    22 84000 48000   130 325.10 0.69    11     0 2267.34 17.44     2 0027_02_hani.wav 0.041
    32 72000 48000   130 435.99 0.88    16     0 4485.73 34.51     1 0038_01_hani.wav 0.039
    41 84000 48000   130 307.21 0.82    14     0 3853.78 29.64     0 0091_00_hani.wav 0.043
    22 60000 48000   130 536.72 1.58    10   100 4416.87 33.98     0 0159_00_hani.wav 0.037
    22 96000 48000   130 251.66 0.61    13     0 2348.63 18.07     3 0094_03_hani.wav 0.041
    31 72000 48000   130 379.92 0.70    15     0 3802.81 29.25     4 0053_04_hani.wav 0.041
    22 60000 48000   130 319.89 1.72    10     0 3232.27 24.86     1 0166_01_hani.wav 0.037
    34 84000 48000   130 293.38 0.48    18     0 2539.45 19.53     5 0054_05_hani.wav 0.039
    32 72000 48000   130 413.15 0.65    15     0 4518.04 34.75     0 0049_00_hani.wav 0.039
    24 84000 48000   130 307.40 0.64    12     0 2302.60 17.71     5 0012_05_hani.wav 0.043
    26 84000 48000   130 524.68 1.56    13     0 4995.28 38.43     0 0055_00_hani.wav 0.040
    22 84000 48000   130 257.57 0.93    11     0 1938.79 14.91     0 0031_00_hani.wav 0.039
    37 84000 48000   130 455.41 0.56    19     0 4308.11 33.14     1 0122_01_hani.wav 0.041
    38 84000 48000   130 351.00 0.82    18     0 4833.89 37.18     0 0127_00_hani.wav 0.041
    30 96000 48000   130 264.53 0.83    15     0 2698.62 20.76     1 0056_01_hani.wav 0.039
    30 84000 48000   130 327.27 0.64    18     0 3729.84 28.69     5 0126_05_hani.wav 0.041
    27 84000 48000   130 341.15 0.99    13     0 3171.47 24.40     0 0061_00_hani.wav 0.041
    24 96000 48000   130 179.45 0.57    12     0 1460.34 11.23     4 0089_04_hani.wav 0.041
    23 96000 48000   130 280.46 0.67    12     0 2151.31 16.55     5 0024_05_hani.wav 0.066
    14 72000 48000   130 408.20 1.10    12     0 2301.69 17.71     3 0168_03_hani.wav 0.155
    17 72000 48000   130 246.28 0.98     9     0 1528.94 11.76     5 0141_05_hani.wav 0.043
    17 72000 48000   130 154.89 0.68     9     0 1230.66 9.47      5 0146_05_hani.wav 0.041
    20 72000 48000   130 301.20 0.83    10     0 2261.49 17.40     1 0026_01_hani.wav 0.041
    20 84000 48000   130 280.71 0.79    11     0 1845.89 14.20     3 0028_03_hani.wav 0.041
    27 84000 48000   130 363.33 0.69    13     0 3148.01 24.22     0 0007_00_hani.wav 0.043
    18 84000 48000   130 357.01 0.47    13     0 2188.78 16.84     0 0001_00_hani.wav 0.040
    24 72000 48000   130 269.84 0.59    14     0 2350.33 18.08     5 0152_05_hani.wav 0.038
    29 96000 48000   130 354.83 0.58    15     0 3211.44 24.70     4 0107_04_hani.wav 0.042
    37 84000 48000   130 422.17 0.61    19     0 3788.31 29.14     1 0050_01_hani.wav 0.041
    33 84000 48000   130 222.59 0.65    19     0 3694.67 28.42     5 0102_05_hani.wav 0.045
    21 84000 48000   130 270.58 0.72    11     0 2118.30 16.29     2 0033_02_hani.wav 0.041
    19 84000 48000   130 238.83 0.65    13     0 2041.52 15.70     5 0018_05_hani.wav 0.042
    15 60000 48000   130 340.62 1.31    10     0 2100.37 16.16     5 0176_05_hani.wav 0.038
    17 72000 48000   130 223.42 0.81     9     0 1453.24 11.18     3 0144_03_hani.wav 0.039
    27 84000 48000   130 297.04 0.73    13     0 2625.39 20.20     1 0062_01_hani.wav 0.042
    19 72000 48000   130 263.23 0.77     9     0 1922.75 14.79     4 0035_04_hani.wav 0.042
    25 84000 48000   130 308.66 0.79    12     0 2695.10 20.73     1 0092_01_hani.wav 0.040
    44 96000 48000   130 395.81 0.53    22     0 3912.44 30.10     1 0116_01_hani.wav 0.041
    17 72000 48000   130 279.99 0.92     9     0 1833.90 14.11     3 0139_03_hani.wav 0.038
    42 96000 48000   130 311.24 0.56    21     0 4112.66 31.64     2 0117_02_hani.wav 0.043
    37 84000 48000   130 417.63 0.62    19     0 4919.65 37.84     0 0115_00_hani.wav 0.045
    30 96000 48000   130 387.28 1.01    15     0 3377.83 25.98     2 0009_02_hani.wav 0.043
    23 96000 48000   130 210.83 0.59    12     0 1850.44 14.23     0 0084_00_hani.wav 0.042
    27 84000 48000   130 440.25 0.75    13     0 3302.10 25.40     1 0008_01_hani.wav 0.042
    21 96000 48000   130 114.57 0.48    12     0 1088.88 8.38      5 0090_05_hani.wav 0.043
    23 96000 48000   130 224.46 0.51    12     0 1616.49 12.43     2 0087_02_hani.wav 0.042
    38 84000 48000   130 358.09 0.63    19     0 4776.50 36.74     1 0128_01_hani.wav 0.040
    29 72000 48000   130 338.32 0.53    15     0 3025.48 23.27     5 0048_05_hani.wav 0.039
    24 96000 48000   130 266.20 0.74    13     0 2371.53 18.24     3 0100_03_hani.wav 0.040
    30 72000 48000   130 531.41 0.88    16     0 5458.81 41.99     4 0101_04_hani.wav 0.039
    18 72000 48000   130 227.36 0.83     9     0 1601.84 12.32     2 0143_02_hani.wav 0.039
    17 96000 48000   130 331.56 0.83    15     0 2584.89 19.88     3 0058_03_hani.wav 0.040
    22 96000 48000   130 192.03 0.66    14     0 2292.63 17.64     5 0114_05_hani.wav 0.040
    35 84000 48000   130 383.92 0.54    18     0 3893.78 29.95     4 0131_04_hani.wav 0.042
    28 84000 48000   130 238.53 0.58    14     0 2620.59 20.16     1 0014_01_hani.wav 0.041
    41 96000 48000   130 328.51 0.59    21     0 4027.16 30.98     0 0121_00_hani.wav 0.039
    21 84000 48000   130 369.23 0.97    13     0 2315.19 17.81     4 0059_04_hani.wav 0.041
    26 84000 48000   130 396.00 0.77    17     0 2991.98 23.02     3 0040_03_hani.wav 0.084
    29 84000 48000   130 415.21 0.59    18     0 3388.45 26.06     3 0052_03_hani.wav 0.092
    31 72000 48000   130 280.96 0.62    31     0 2847.39 21.90     1 0154_01_hani.wav 0.051
    23 72000 48000   130 381.44 0.72    12     0 2713.37 20.87     0 0165_00_hani.wav 0.037
    26 60000 48000   130 384.18 1.17    26     0 4485.92 34.51     1 0104_01_hani.wav 0.037
    19 84000 48000   130 186.02 0.60    10     0 1307.57 10.06     5 0077_05_hani.wav 0.040
    28 84000 48000   130 372.28 0.60    13     0 3077.83 23.68     1 0068_01_hani.wav 0.042
    22 72000 48000   130 462.62 0.92    11     0 3073.23 23.64     4 0065_04_hani.wav 0.039
    31 84000 48000   130 398.14 0.48    18     0 3173.74 24.41     3 0046_03_hani.wav 0.041
    36 84000 48000   130 395.95 0.64    18     0 4531.96 34.86     2 0129_02_hani.wav 0.041
    28 72000 48000   130 299.61 0.59    13     0 3050.98 23.47     2 0155_02_hani.wav 0.039
    37 84000 48000   130 456.94 0.55    37     0 4780.32 36.77     2 0045_02_hani.wav 0.042
    24 96000 48000   130 649.16 0.62    23     0 4640.43 35.70     3 0112_03_hani.wav 0.041
    23 60000 48000   130 358.59 1.50    11     0 3217.02 24.75     1 0160_01_hani.wav 0.038
    33 72000 48000   130 352.22 0.80    12     0 3207.28 24.67     0 0171_00_hani.wav 0.039
    19 72000 48000   130 179.12 0.85     9     0 1406.00 10.82     4 0145_04_hani.wav 0.040
    20 96000 48000   130 211.15 0.69    14     0 1616.13 12.43     3 0016_03_hani.wav 0.042
    38 96000 48000   130 290.23 0.80    15     0 3858.72 29.68     0 0109_00_hani.wav 0.091
    25 84000 48000   130 324.49 0.75    13     0 2677.92 20.60     4 0004_04_hani.wav 0.069
    36 84000 48000   130 279.85 0.79    38     0 3871.85 29.78     2 0051_02_hani.wav 0.071
    25 84000 48000   130 336.80 0.66    17   114 2830.26 21.77     3 0124_03_hani.wav 0.063
    23 72000 48000   130 360.51 0.71    12     0 2564.88 19.73     5 0170_05_hani.wav 0.118
    27 72000 48000   130 317.03 0.56    14     0 2631.24 20.24     5 0158_05_hani.wav 0.140
    20 96000 48000   130 217.37 0.63    12     0 1613.74 12.41     3 0081_03_hani.wav 0.107
    26 84000 48000   130 408.17 0.61    13     0 3638.09 27.99     0 0067_00_hani.wav 0.107
    18 84000 48000   130 281.66 0.48    16     0 2319.39 17.84     3 0156_03_hani.wav 0.072
    22 84000 48000   130 281.36 0.90    12     0 2023.64 15.57     4 0017_04_hani.wav 0.041
    15 72000 48000   130 333.73 0.72    12     0 2019.26 15.53     2 0167_02_hani.wav 0.037
    35 96000 48000   130 203.50 0.43    19     0 2728.12 20.99     4 0119_04_hani.wav 0.041
    32 72000 48000   130 476.07 0.61    16     0 4781.63 36.78     1 0044_01_hani.wav 0.040
    25 72000 48000   130 419.40 0.83    12     0 3580.78 27.54     2 0105_02_hani.wav 0.040
    17 72000 48000   130 371.86 1.59    11     0 2727.80 20.98     5 0060_05_hani.wav 0.949
    21 84000 48000   130 303.83 0.73    11     0 2196.29 16.89     2 0021_02_hani.wav 0.102
    20 84000 48000   130 185.23 0.73    10     0 1322.88 10.18     5 0036_05_hani.wav 0.066
    17 84000 48000   130 250.19 0.56    13     0 1711.20 13.16     5 0072_05_hani.wav 0.071
    26 84000 48000   130 333.39 0.77    13     0 2958.26 22.76     0 0013_00_hani.wav 0.070
    36 96000 48000   130 414.57 0.56    21     0 3807.49 29.29     5 0132_05_hani.wav 0.090
    15 60000 48000   130 240.10 1.06     7     0 1815.83 13.97     5 0135_05_hani.wav 0.060
    29 72000 48000   130 390.40 0.80    17     0 4602.04 35.40     5 0096_05_hani.wav 0.053
